4 0.7211538461538461 0.20432692307692307 0.11538461538461539 0.25721153846153844
4 0.7403846153846154 0.9495192307692307 0.07692307692307693 0.09615384615384616
4 0.2920673076923077 0.055288461538461536 0.15144230769230768 0.10576923076923077
4 0.30528846153846156 0.7956730769230769 0.17307692307692307 0.25240384615384615
4 0.35336538461538464 0.5096153846153846 0.2548076923076923 0.25
4 0.23557692307692307 0.9831730769230769 0.036057692307692304 0.028846153846153848
4 0.46153846153846156 0.22596153846153846 0.25721153846153844 0.24759615384615385
4 0.24519230769230768 0.25961538461538464 0.055288461538461536 0.19951923076923078
4 0.4951923076923077 0.96875 0.24759615384615385 0.06009615384615385
4 0.5637019230769231 0.03485576923076923 0.2283653846153846 0.06490384615384616
4 0.5841346153846154 0.7668269230769231 0.25721153846153844 0.24519230769230768
4 0.6706730769230769 0.49038461538461536 0.21634615384615385 0.2548076923076923