4 0.27884615384615385 0.7956730769230769 0.11538461538461539 0.25721153846153844
4 0.25961538461538464 0.05048076923076923 0.07692307692307693 0.09615384615384616
4 0.7079326923076923 0.9447115384615384 0.15144230769230768 0.10576923076923077
4 0.6947115384615384 0.20432692307692307 0.17307692307692307 0.25240384615384615
4 0.6466346153846154 0.49038461538461536 0.2548076923076923 0.25
4 0.7644230769230769 0.016826923076923076 0.036057692307692304 0.028846153846153848
4 0.5384615384615384 0.7740384615384616 0.25721153846153844 0.24759615384615385
4 0.7548076923076923 0.7403846153846154 0.055288461538461536 0.19951923076923078
4 0.5048076923076923 0.03125 0.24759615384615385 0.06009615384615385
4 0.4362980769230769 0.9651442307692307 0.2283653846153846 0.06490384615384616
4 0.41586538461538464 0.23317307692307693 0.25721153846153844 0.24519230769230768
4 0.3293269230769231 0.5096153846153846 0.21634615384615385 0.2548076923076923